17 0
0 68 11 56 66 78 68 11 40 65 55 72 43 84 8 69 15 
68 0 74 92 21 80 32 47 79 14 95 64 19 65 59 88 56 
11 74 0 90 69 98 11 72 84 2 58 8 64 81 26 96 55 
56 92 90 0 1 32 66 73 3 26 48 96 73 15 94 82 59 
66 21 69 1 0 52 88 27 41 23 70 74 79 94 83 79 17 
78 80 98 32 52 0 40 12 59 34 53 66 77 1 83 83 50 
68 32 11 66 88 40 0 49 25 99 32 43 24 100 67 30 5 
11 47 72 73 27 12 49 0 34 37 4 83 34 84 8 10 1 
40 79 84 3 41 59 25 34 0 82 94 9 42 36 36 89 98 
65 14 2 26 23 34 99 37 82 0 7 39 86 30 30 59 91 
55 95 58 48 70 53 32 4 94 7 0 67 85 64 78 13 96 
72 64 8 96 74 66 43 83 9 39 67 0 4 74 8 36 98 
43 19 64 73 79 77 24 34 42 86 85 4 0 53 1 30 2 
84 65 81 15 94 1 100 84 36 30 64 74 53 0 55 93 42 
8 59 26 94 83 83 67 8 36 30 78 8 1 55 0 57 89 
69 88 96 82 79 83 30 10 89 59 13 36 30 93 57 0 68 
15 56 55 59 17 50 5 1 98 91 96 98 2 42 89 68 0 
